idx name E N U flagged rotation
0 sb01-09 0.54 -16.245 -0.005 False 178.3
1 sb01-10 4.157 -17.129 0.029 False 178.3
2 sb02-01 9.993 -15.756 -0.013 False 178.3
3 sb02-02 12.272 -14.9 0.016 False 178.3
4 sb02-03 9.541 -13.977 0.009 False 178.3
5 sb02-04 12.317 -12.397 0.012 False 178.3
6 sb02-05 12.118 -10.649 0.005 False 178.3
7 sb02-06 9.898 -11.82 0.027 False 178.3
8 sb01-01 6.702 -18.26 -0.02 False 178.3
9 sb01-02 3.647 -15.44 -0.01 False 178.3
10 sb01-03 5.262 -14.693 -0.003 False 178.3
11 sb01-04 5.484 -11.329 0.003 False 178.3
12 sb01-05 3.529 -11.585 -0.018 False 178.3
13 sb01-06 3.429 -13.533 -0.021 False 178.3
14 sb01-07 0.555 -12.989 0.019 False 178.3
15 sb01-08 1.973 -14.779 0.024 False 178.3
16 sb03-04 13.782 -7.107 0.003 False 178.3
17 sb03-05 15.578 -7.158 -0.02 False 178.3
18 sb03-06 13.737 -3.649 -0.018 False 178.3
19 sb03-07 12.289 -6.176 0.007 False 178.3
20 sb03-08 12.627 -2.026 0.004 False 178.3
21 sb03-09 11.442 -4.268 -0.027 False 178.3
22 sb03-10 10.456 -6.689 0.01 False 178.3
23 sb03-11 11.125 -9.173 -0.0 False 178.3
24 sb02-07 9.25 -9.87 0.024 False 178.3
25 sb02-08 7.669 -10.712 0.011 False 178.3
26 sb02-09 7.035 -12.483 0.027 False 178.3
27 sb02-10 7.821 -14.618 0.02 False 178.3
28 sb02-11 6.262 -16.475 -0.008 False 178.3
29 sb03-01 14.232 -11.06 -0.027 False 178.3
30 sb03-02 13.589 -9.312 0.002 False 178.3
31 sb03-03 17.021 -8.263 0.003 False 178.3
32 sb04-09 4.908 -7.325 0.035 False 178.3
33 sb04-10 3.651 -8.672 0.024 False 178.3
34 sb04-11 5.921 -9.364 0.004 False 178.3
35 sb05-01 1.807 -10.767 0.026 False 178.3
36 sb05-02 2.071 -7.858 0.039 False 178.3
37 sb05-03 3.065 -6.191 0.027 False 178.3
38 sb05-04 1.22 -6.117 0.032 False 178.3
39 sb05-05 -0.701 -4.11 0.042 False 178.3
40 sb04-01 7.084 -7.886 0.006 False 178.3
41 sb04-02 8.947 -7.831 0.021 False 178.3
42 sb04-03 9.654 -4.916 0.034 False 178.3
43 sb04-04 7.808 -5.007 0.013 False 178.3
44 sb04-05 6.716 -3.58 0.021 False 178.3
45 sb04-06 5.086 -2.574 0.033 False 178.3
46 sb04-07 5.921 -5.85 0.026 False 178.3
47 sb04-08 3.527 -4.123 0.037 False 178.3
48 sb06-04 19.049 0.703 0.002 False 178.3
49 sb06-05 17.656 1.715 0.007 False 178.3
50 sb06-06 16.34 -1.375 0.004 False 178.3
51 sb06-07 15.907 0.469 0.008 False 178.3
52 sb06-08 13.161 1.295 0.018 False 178.3
53 sb06-09 12.136 -0.088 0.014 False 178.3
54 sb06-10 14.619 -0.818 0.012 False 178.3
55 sb06-11 15.472 -3.299 -0.002 False 178.3
56 sb05-06 -2.121 -5.308 0.032 False 178.3
57 sb05-07 -0.4 -7.468 0.038 False 178.3
58 sb05-08 0.381 -9.043 0.031 False 178.3
59 sb05-09 -2.437 -10.172 0.04 False 178.3
60 sb05-10 -0.715 -10.469 0.03 False 178.3
61 sb06-01 17.15 -4.117 0.015 False 178.3
62 sb06-02 17.964 -6.297 0.009 False 178.3
63 sb06-03 17.949 -1.936 -0.002 False 178.3
64 sb07-09 6.159 0.198 0.008 False 178.3
65 sb07-10 4.539 -0.981 0.022 False 178.3
66 sb07-11 7.328 -1.915 0.024 False 178.3
67 sb08-01 13.994 3.379 0.028 False 178.3
68 sb08-02 16.13 2.975 0.025 False 178.3
69 sb08-03 17.08 4.404 0.018 False 178.3
70 sb08-04 16.399 5.996 0.004 False 178.3
71 sb08-05 16.681 7.906 0.011 False 178.3
72 sb07-01 9.349 -2.279 0.035 False 178.3
73 sb07-02 10.876 -1.465 0.014 False 178.3
74 sb07-03 8.238 -0.338 0.024 False 178.3
75 sb07-04 10.448 1.32 0.003 False 178.3
76 sb07-05 9.07 3.639 0.01 False 178.3
77 sb07-06 7.434 1.734 0.013 False 178.3
78 sb07-07 5.939 2.861 0.019 False 178.3
79 sb07-08 3.235 1.07 0.017 False 178.3
80 sb09-04 8.861 7.78 -0.002 False 178.3
81 sb09-05 5.32 6.789 -0.005 False 178.3
82 sb09-06 5.717 9.112 -0.006 False 178.3
83 sb09-07 3.908 9.21 -0.012 False 178.3
84 sb09-08 3.692 7.393 -0.005 False 178.3
85 sb09-09 3.917 5.052 -0.007 False 178.3
86 sb09-10 1.917 3.152 -0.005 False 178.3
87 sb09-11 4.084 2.745 0.011 False 178.3
88 sb08-06 13.929 6.067 -0.019 False 178.3
89 sb08-07 12.118 6.079 0.01 False 178.3
90 sb08-08 10.604 4.734 0.007 False 178.3
91 sb08-09 12.354 4.231 0.025 False 178.3
92 sb08-10 10.996 3.002 0.019 False 178.3
93 sb09-01 5.731 4.854 0.004 False 178.3
94 sb09-02 7.364 4.04 -0.004 False 178.3
95 sb09-03 8.578 5.427 0.002 False 178.3
96 sb10-09 7.356 9.901 -0.03 False 178.3
97 sb10-10 10.597 8.292 -0.011 False 178.3
98 sb10-11 10.205 6.573 -0.002 False 178.3
99 sb11-01 6.939 12.336 0.009 False 178.3
100 sb11-02 8.784 12.392 0.006 False 178.3
101 sb11-03 7.233 14.704 -0.021 False 178.3
102 sb11-04 9.332 16.112 0.018 False 178.3
103 sb11-05 7.709 16.871 0.004 False 178.3
104 sb10-01 12.359 7.778 -0.001 False 178.3
105 sb10-02 14.415 7.832 0.001 False 178.3
106 sb10-03 16.417 10.349 0.022 False 178.3
107 sb10-04 13.76 10.173 -0.005 False 178.3
108 sb10-05 13.314 13.768 0.003 False 178.3
109 sb10-06 11.961 10.029 0.003 False 178.3
110 sb10-07 11.536 12.671 0.014 False 178.3
111 sb10-08 10.202 10.587 -0.006 False 178.3
112 sb12-04 0.651 14.552 0.014 False 178.3
113 sb12-05 3.995 15.415 0.014 False 178.3
114 sb12-06 2.135 17.331 0.014 False 178.3
115 sb12-07 0.282 17.33 0.012 False 178.3
116 sb12-08 2.092 19.288 0.024 False 178.3
117 sb12-09 -2.371 18.617 0.006 False 178.3
118 sb12-10 -1.517 16.696 0.018 False 178.3
119 sb12-11 -1.61 11.131 -0.015 False 178.3
120 sb11-06 5.009 16.865 0.008 False 178.3
121 sb11-07 3.652 18.425 0.019 False 178.3
122 sb11-08 5.748 13.626 0.011 False 178.3
123 sb11-09 4.028 12.333 0.006 False 178.3
124 sb11-10 4.924 10.843 -0.0 False 178.3
125 sb12-01 -0.915 12.695 0.018 False 178.3
126 sb12-02 1.507 12.906 -0.005 False 178.3
127 sb12-03 3.026 13.952 -0.021 False 178.3
128 sb13-09 -9.563 14.323 -0.032 False 178.3
129 sb13-10 -8.022 12.709 -0.038 False 178.3
130 sb13-11 -7.72 10.961 -0.015 False 178.3
131 sb14-01 -11.24 7.672 -0.036 False 178.3
132 sb14-02 -12.599 10.277 -0.062 False 178.3
133 sb14-03 -9.597 8.404 -0.022 False 178.3
134 sb14-04 -9.403 10.316 -0.046 False 178.3
135 sb14-05 -9.863 12.512 -0.037 False 178.3
136 sb13-01 -6.097 10.301 -0.002 False 178.3
137 sb13-02 -4.707 12.935 0.006 False 178.3
138 sb13-03 -2.951 14.443 -0.02 False 178.3
139 sb13-04 -4.71 14.691 0.008 False 178.3
140 sb13-05 -3.361 16.584 -0.031 False 178.3
141 sb13-06 -6.395 16.004 -0.011 False 178.3
142 sb13-07 -7.463 14.522 -0.045 False 178.3
143 sb13-08 -9.734 16.82 -0.058 False 178.3
144 sb15-03 2.174 6.551 -0.007 False 178.3
145 sb15-04 1.123 8.293 -0.046 False 178.3
146 sb15-05 2.821 10.735 -0.01 False 178.3
147 sb15-06 0.693 11.096 -0.018 False 178.3
148 sb15-07 -3.058 12.232 0.032 False 178.3
149 sb15-08 -4.373 9.606 -0.004 False 178.3
150 sb15-09 -2.579 9.594 -0.019 False 178.3
151 sb15-10 -1.309 5.882 -0.009 False 178.3
152 sb14-06 -11.133 11.329 -0.046 False 178.3
153 sb14-07 -11.347 13.968 -0.063 False 178.3
154 sb14-08 -14.669 12.176 -0.069 False 178.3
155 sb14-09 -14.459 10.375 -0.073 False 178.3
156 sb14-10 -15.844 9.202 -0.073 False 178.3
157 sb14-11 -14.107 8.292 -0.078 False 178.3
158 sb15-01 0.751 5.383 -0.016 False 178.3
159 sb15-02 -0.528 8.097 -0.034 False 178.3
160 sb16-09 -10.498 6.03 -0.042 False 178.3
161 sb16-10 -8.528 4.082 -0.021 False 178.3
162 sb16-11 -10.436 4.29 -0.046 False 178.3
163 sb17-01 -15.385 1.845 -0.023 False 178.3
164 sb17-02 -12.607 2.574 -0.027 False 178.3
165 sb17-03 -14.265 3.287 -0.041 False 178.3
166 sb17-04 -12.203 4.736 -0.046 False 178.3
167 sb17-05 -13.018 6.921 -0.069 False 178.3
168 sb16-01 -6.24 4.35 0.005 False 178.3
169 sb16-02 -3.805 3.804 -0.0 False 178.3
170 sb16-03 -3.709 5.562 -0.049 False 178.3
171 sb16-04 -6.125 6.096 0.003 False 178.3
172 sb16-05 -2.715 7.737 -0.008 False 178.3
173 sb16-06 -4.777 7.787 -0.004 False 178.3
174 sb16-07 -8.02 9.152 -0.045 False 178.3
175 sb16-08 -7.899 6.461 -0.016 False 178.3
176 sb18-04 1.005 1.443 0.013 False 178.3
177 sb18-05 -0.534 3.054 -0.0 False 178.3
178 sb18-06 -0.891 1.182 0.011 False 178.3
179 sb18-07 -2.136 4.249 0.007 False 178.3
180 sb18-08 -3.273 2.168 0.003 False 178.3
181 sb18-09 -2.097 -0.693 0.01 False 178.3
182 sb18-10 -2.078 -3.0 0.025 False 178.3
183 sb18-11 0.896 -3.375 0.026 False 178.3
184 sb17-06 -13.968 5.286 -0.066 False 178.3
185 sb17-07 -15.834 6.748 -0.065 False 178.3
186 sb17-08 -17.244 5.706 -0.054 False 178.3
187 sb17-09 -16.35 4.083 -0.034 False 178.3
188 sb17-10 -19.221 2.297 -0.043 False 178.3
189 sb18-01 -0.423 -1.201 0.01 False 178.3
190 sb18-02 2.911 -1.729 -0.009 False 178.3
191 sb18-03 1.968 -0.159 0.008 False 178.3
192 sb19-09 -11.874 -0.407 -0.009 False 178.3
193 sb19-10 -9.963 -2.867 -0.01 False 178.3
194 sb19-11 -11.025 -4.334 0.002 False 178.3
195 sb20-01 -15.403 -3.659 -0.012 False 178.3
196 sb20-02 -13.712 -4.169 0.007 False 178.3
197 sb20-03 -11.969 -2.27 -0.003 False 178.3
198 sb20-04 -13.949 -1.564 -0.04 False 178.3
199 sb20-05 -13.963 0.794 -0.022 False 178.3
200 sb19-01 -3.614 -1.638 0.016 False 178.3
201 sb19-02 -5.771 -1.835 0.023 False 178.3
202 sb19-03 -5.842 0.705 0.013 False 178.3
203 sb19-04 -5.394 2.508 0.008 False 178.3
204 sb19-05 -7.911 -0.306 0.021 False 178.3
205 sb19-06 -8.524 1.407 0.035 False 178.3
206 sb19-07 -10.272 1.232 -0.011 False 178.3
207 sb19-08 -9.591 -1.154 0.011 False 178.3
208 sb21-04 -4.093 -6.256 0.04 False 178.3
209 sb21-05 -3.911 -3.4 0.017 False 178.3
210 sb21-06 -5.768 -3.652 -0.005 False 178.3
211 sb21-07 -7.442 -2.899 0.016 False 178.3
212 sb21-08 -6.231 -5.34 0.02 False 178.3
213 sb21-09 -8.147 -4.571 -0.012 False 178.3
214 sb21-10 -7.26 -8.038 -0.008 False 178.3
215 sb21-11 -5.825 -9.203 0.025 False 178.3
216 sb20-06 -16.464 -0.019 -0.013 False 178.3
217 sb20-07 -17.294 1.852 -0.029 False 178.3
218 sb20-08 -18.705 -0.232 -0.033 False 178.3
219 sb20-09 -16.645 -2.044 -0.023 False 178.3
220 sb20-10 -17.742 -5.671 -0.007 False 178.3
221 sb21-01 -4.272 -10.419 0.021 False 178.3
222 sb21-02 -4.289 -8.225 0.035 False 178.3
223 sb21-03 -2.081 -8.117 0.034 False 178.3
224 sb22-09 -15.318 -8.707 -0.0 False 178.3
225 sb22-10 -14.691 -10.849 0.001 False 178.3
226 sb22-11 -13.501 -8.52 -0.0 False 178.3
227 sb23-01 -8.148 -15.322 0.041 False 178.3
228 sb23-02 -6.507 -14.629 0.008 False 178.3
229 sb23-03 -5.946 -11.37 0.03 False 178.3
230 sb23-04 -8.271 -12.578 0.014 False 178.3
231 sb23-05 -9.18 -10.498 -0.018 False 178.3
232 sb22-01 -12.73 -11.186 0.004 False 178.3
233 sb22-02 -11.538 -9.007 -0.025 False 178.3
234 sb22-03 -9.073 -8.747 -0.0 False 178.3
235 sb22-04 -9.69 -6.96 -0.002 False 178.3
236 sb22-05 -11.299 -6.553 -0.026 False 178.3
237 sb22-06 -13.746 -6.812 -0.002 False 178.3
238 sb22-07 -15.341 -5.767 -0.008 False 178.3
239 sb22-08 -16.991 -7.26 0.007 False 178.3
240 sb24-04 -2.09 -13.209 0.019 False 178.3
241 sb24-05 -3.224 -11.839 0.011 False 178.3
242 sb24-06 -5.249 -12.994 0.043 False 178.3
243 sb24-07 -3.705 -14.956 0.021 False 178.3
244 sb24-08 -5.228 -16.055 0.042 False 178.3
245 sb24-09 -6.71 -17.1 0.059 False 178.3
246 sb24-10 -4.961 -18.393 0.038 False 178.3
247 sb24-11 -2.934 -17.539 0.024 False 178.3
248 sb23-06 -10.074 -12.719 0.009 False 178.3
249 sb23-07 -10.98 -10.845 0.016 False 178.3
250 sb23-08 -11.877 -12.726 0.017 False 178.3
251 sb23-09 -14.512 -13.444 0.018 False 178.3
252 sb23-10 -11.0 -15.806 0.026 False 178.3
253 sb24-01 -0.363 -17.834 0.02 False 178.3
254 sb24-02 -1.662 -16.26 0.026 False 178.3
255 sb24-03 -0.646 -14.484 0.009 False 178.3
